Top stories updated: [
  45586339, 45590236, 45588594, 45588959, 45583180, 45580981,
  45588689, 45529534, 45582462, 45584281, 45555749, 45526846,
  45498887, 45512538, 45581735, 45515915, 45589327, 45582758,
  45583243, 45580699, 45544500, 45581288, 45586776, 45587289,
  45584464, 45504902, 45583336, 45520462, 45584498, 45578383,
  45583787, 45585869, 45583574, 45578540, 45544235, 45491368,
  45589785, 45580771, 45508462, 45490737, 45500560, 45514378,
  45528104, 45588283, 45525168, 45578990, 45590019, 45584343,
  45582268, 45584226, 45587280, 45516134, 45583667, 45513956,
  45587072, 45566644, 45569350, 45579275, 45584017, 45577080,
  45575391, 45512351, 45576502, 45578467, 45572478, 45568915,
  45583129, 45521032, 45575127, 45579708, 45580315, 45566638,
  45581146, 45567877, 45568700, 45584789, 45566766, 45585528,
  45514213, 45566441, 45568708, 45569371, 45581761, 45581818,
  45586962, 45568613, 45502322, 45567770, 45503560, 45567153,
  45576623, 45549060, 45581239, 45490938, 45507444, 45589213,
  45564619, 45566198, 45585315, 45527840,
  ... 400 more items
]
Item updated: {
  by: 'bootload',
  descendants: 6,
  id: 12345,
  kids: [ 12426, 12505 ],
  score: 6,
  time: 1176412001,
  title: 'Distributed file storage: MogileFS',
  type: 'story',
  url: 'http://www.uncov.com/2007/4/4/distributed-file-storage-with-mogilefs'
}
Top stories updated: [
  45586339, 45590236, 45588594, 45588959, 45583180, 45580981,
  45588689, 45529534, 45582462, 45584281, 45555749, 45526846,
  45498887, 45512538, 45581735, 45515915, 45589327, 45582758,
  45583243, 45580699, 45544500, 45581288, 45586776, 45587289,
  45584464, 45504902, 45583336, 45520462, 45583787, 45584498,
  45578383, 45585869, 45583574, 45578540, 45544235, 45491368,
  45589785, 45580771, 45508462, 45490737, 45500560, 45514378,
  45528104, 45588283, 45525168, 45578990, 45590019, 45584343,
  45582268, 45584226, 45587280, 45516134, 45583667, 45513956,
  45587072, 45566644, 45569350, 45579275, 45584017, 45577080,
  45575391, 45512351, 45576502, 45578467, 45572478, 45568915,
  45583129, 45521032, 45575127, 45579708, 45580315, 45566638,
  45581146, 45567877, 45568700, 45584789, 45566766, 45585528,
  45514213, 45566441, 45568708, 45569371, 45581761, 45581818,
  45586962, 45568613, 45502322, 45567770, 45503560, 45567153,
  45576623, 45549060, 45581239, 45490938, 45507444, 45589213,
  45564619, 45566198, 45585315, 45527840,
  ... 400 more items
]